52
1 832 204
2 901 872
3 337 96
4 327 672
5 310 712
6 686 514
7 228 250
8 658 312
9 497 877
10 489 243
11 529 927
12 336 50
13 311 492
14 129 536
15 84 810
16 743 180
17 915 555
18 600 372
19 153 810
20 843 204
21 783 233
22 786 692
23 682 187
24 713 144
25 316 86
26 512 476
27 428 627
28 877 247
29 716 128
30 918 391
31 809 325
32 30 486
33 952 639
34 629 300
35 295 794
36 717 693
37 594 114
38 698 163
39 448 827
40 257 15
41 813 639
42 125 676
43 896 736
44 222 13
45 951 663
46 227 593
47 482 508
48 473 771
49 102 863
50 420 623
51 284 839
52 997 113
