400
1 182 365
2 146 91
3 262 806
4 546 957
5 637 299
6 288 845
7 399 71
8 178 73
9 737 492
10 386 486
11 173 619
12 568 59
13 824 569
14 710 132
15 273 339
16 386 690
17 660 749
18 391 353
19 589 79
20 317 882
21 608 314
22 690 106
23 784 154
24 417 827
25 751 412
26 682 697
27 270 505
28 42 544
29 333 947
30 341 372
31 733 104
32 705 512
33 460 957
34 181 539
35 1 837
36 193 184
37 504 242
38 768 718
39 296 27
40 315 272
41 835 79
42 160 556
43 758 816
44 283 217
45 579 739
46 467 133
47 355 112
48 345 373
49 535 861
50 484 634
51 200 928
52 825 504
53 365 996
54 585 215
55 822 219
56 714 311
57 775 29
58 867 272
59 135 184
60 514 368
61 585 65
62 81 489
63 970 58
64 569 210
65 37 660
66 733 604
67 11 303
68 706 312
69 967 207
70 829 815
71 601 897
72 302 146
73 857 359
74 315 35
75 551 184
76 968 188
77 344 836
78 406 567
79 531 814
80 953 21
81 157 811
82 751 99
83 842 626
84 646 681
85 285 300
86 724 949
87 530 406
88 5 344
89 874 885
90 177 255
91 975 265
92 492 93
93 120 757
94 826 638
95 343 198
96 82 407
97 288 257
98 58 517
99 525 898
100 228 748
101 569 723
102 815 265
103 321 194
104 369 537
105 354 982
106 820 787
107 30 51
108 942 707
109 145 19
110 886 192
111 291 824
112 387 801
113 327 271
114 871 940
115 476 63
116 116 247
117 337 947
118 414 395
119 342 652
120 945 189
121 560 747
122 540 702
123 694 269
124 23 878
125 154 607
126 592 236
127 458 556
128 844 697
129 904 613
130 565 663
131 462 704
132 751 748
133 542 237
134 455 651
135 313 277
136 366 132
137 262 371
138 794 754
139 61 591
140 677 894
141 621 529
142 347 922
143 971 595
144 974 961
145 923 66
146 444 197
147 908 46
148 420 417
149 176 576
150 340 561
151 73 276
152 574 494
153 194 767
154 733 982
155 348 794
156 235 35
157 288 816
158 12 618
159 613 316
160 376 288
161 722 207
162 972 40
163 822 185
164 651 720
165 430 509
166 628 869
167 583 194
168 524 235
169 365 638
170 437 802
171 123 598
172 262 485
173 100 756
174 613 980
175 521 737
176 426 205
177 211 635
178 614 831
179 100 928
180 589 255
181 537 139
182 807 535
183 923 982
184 549 219
185 751 713
186 914 381
187 610 594
188 408 724
189 504 198
190 869 505
191 951 511
192 813 538
193 200 439
194 690 498
195 990 187
196 152 688
197 698 755
198 62 967
199 757 769
200 459 71
201 831 744
202 101 105
203 81 15
204 400 833
205 454 246
206 892 511
207 47 472
208 304 782
209 839 34
210 982 649
211 627 283
212 807 746
213 79 740
214 736 789
215 173 90
216 909 13
217 359 506
218 861 805
219 767 268
220 206 490
221 636 491
222 795 463
223 536 556
224 675 425
225 177 557
226 436 572
227 733 408
228 863 757
229 121 736
230 102 610
231 842 818
232 867 406
233 749 32
234 755 298
235 413 402
236 411 208
237 244 854
238 777 42
239 268 410
240 550 859
241 69 703
242 459 307
243 682 465
244 410 185
245 767 404
246 894 948
247 22 537
248 846 139
249 994 681
250 502 542
251 723 337
252 142 796
253 436 742
254 806 910
255 977 251
256 330 540
257 341 425
258 851 342
259 435 695
260 311 254
261 931 898
262 10 844
263 927 934
264 133 466
265 518 998
266 750 554
267 985 168
268 303 428
269 877 356
270 475 948
271 520 7
272 726 988
273 319 699
274 877 382
275 607 513
276 47 556
277 27 698
278 738 483
279 286 642
280 864 709
281 785 622
282 843 494
283 303 632
284 111 650
285 966 152
286 303 717
287 337 477
288 531 91
289 300 292
290 192 809
291 632 744
292 104 515
293 440 771
294 364 336
295 786 396
296 952 555
297 458 450
298 54 739
299 740 872
300 629 765
301 377 145
302 274 992
303 755 869
304 312 569
305 852 461
306 149 296
307 596 84
308 285 923
309 826 878
310 570 250
311 397 341
312 156 755
313 707 634
314 814 415
315 177 673
316 161 980
317 748 72
318 301 532
319 992 801
320 949 438
321 743 789
322 562 124
323 940 404
324 467 101
325 576 35
326 196 363
327 277 565
328 708 127
329 970 117
330 251 564
331 78 458
332 860 569
333 688 996
334 687 315
335 846 758
336 866 619
337 548 813
338 641 859
339 224 448
340 308 503
341 820 49
342 776 722
343 404 491
344 992 854
345 656 99
346 190 208
347 867 60
348 420 867
349 77 702
350 432 228
351 238 870
352 800 558
353 277 164
354 754 751
355 360 369
356 543 650
357 420 984
358 312 127
359 408 719
360 633 720
361 141 341
362 78 357
363 480 718
364 84 578
365 299 765
366 233 911
367 976 977
368 566 72
369 208 427
370 731 262
371 684 727
372 916 127
373 745 697
374 195 521
375 505 490
376 566 805
377 72 323
378 363 929
379 44 545
380 169 470
381 473 90
382 481 220
383 220 487
384 988 42
385 590 282
386 102 74
387 811 489
388 556 420
389 667 532
390 746 138
391 801 220
392 40 557
393 371 852
394 118 830
395 273 829
396 773 911
397 921 764
398 424 691
399 249 519
400 739 714
