600
1 320 46
2 545 942
3 490 889
4 197 84
5 996 224
6 76 695
7 959 121
8 977 377
9 213 688
10 740 482
11 873 458
12 830 760
13 557 286
14 933 983
15 762 544
16 353 929
17 939 607
18 390 264
19 395 634
20 27 802
21 544 591
22 810 587
23 816 868
24 385 65
25 107 82
26 585 316
27 401 638
28 909 829
29 750 401
30 76 377
31 394 371
32 315 813
33 910 939
34 309 588
35 924 931
36 20 279
37 446 306
38 973 621
39 890 665
40 854 947
41 917 882
42 3 517
43 13 621
44 570 421
45 947 469
46 780 307
47 377 555
48 589 927
49 936 193
50 197 651
51 366 642
52 312 300
53 6 880
54 683 18
55 471 910
56 840 78
57 810 152
58 68 756
59 886 71
60 319 217
61 838 993
62 27 782
63 966 448
64 920 838
65 346 41
66 304 61
67 552 233
68 7 673
69 990 43
70 717 413
71 623 605
72 71 235
73 578 868
74 738 810
75 507 716
76 930 152
77 966 925
78 618 290
79 34 162
80 252 834
81 930 68
82 68 601
83 626 926
84 712 765
85 792 970
86 739 308
87 952 581
88 10 985
89 245 990
90 326 934
91 909 884
92 611 723
93 340 665
94 9 654
95 691 249
96 801 764
97 643 840
98 442 927
99 276 619
100 308 897
101 499 821
102 228 151
103 148 733
104 90 921
105 692 926
106 800 489
107 202 736
108 612 914
109 431 597
110 775 875
111 435 486
112 751 428
113 130 606
114 337 336
115 271 735
116 643 484
117 432 436
118 322 495
119 442 559
120 783 891
121 798 300
122 944 707
123 276 726
124 380 268
125 567 785
126 78 593
127 234 319
128 789 489
129 969 134
130 483 300
131 619 66
132 69 663
133 765 871
134 507 300
135 843 154
136 993 534
137 603 953
138 197 531
139 331 447
140 402 50
141 76 813
142 732 855
143 902 493
144 340 332
145 127 569
146 494 699
147 710 236
148 138 897
149 373 166
150 624 701
151 974 446
152 896 514
153 308 939
154 584 9
155 877 556
156 135 619
157 911 409
158 906 581
159 337 353
160 868 133
161 804 109
162 340 515
163 178 933
164 441 140
165 357 577
166 169 707
167 699 427
168 939 752
169 576 764
170 553 598
171 740 307
172 3 288
173 487 53
174 120 404
175 675 305
176 733 323
177 593 100
178 107 679
179 270 213
180 76 597
181 447 273
182 990 965
183 730 689
184 771 960
185 695 146
186 832 162
187 520 790
188 469 928
189 149 673
190 13 524
191 666 127
192 871 894
193 549 636
194 539 221
195 243 196
196 801 806
197 834 172
198 518 300
199 324 424
200 777 873
201 186 23
202 109 204
203 895 156
204 199 436
205 399 646
206 651 84
207 840 658
208 185 791
209 888 959
210 430 349
211 431 834
212 721 255
213 334 643
214 843 176
215 280 888
216 378 252
217 728 777
218 120 101
219 859 156
220 127 500
221 207 98
222 608 869
223 501 337
224 549 822
225 755 363
226 227 449
227 180 679
228 604 527
229 532 271
230 403 696
231 711 170
232 433 577
233 929 10
234 256 941
235 180 144
236 158 759
237 165 71
238 421 70
239 335 670
240 873 746
241 453 290
242 265 470
243 218 884
244 489 927
245 99 622
246 759 372
247 807 724
248 605 191
249 94 537
250 494 915
251 936 303
252 468 717
253 95 587
254 210 520
255 504 760
256 502 652
257 518 395
258 697 615
259 279 127
260 153 550
261 707 410
262 359 590
263 2 303
264 989 158
265 686 158
266 466 855
267 57 113
268 969 831
269 215 656
270 446 690
271 15 79
272 51 579
273 878 318
274 331 881
275 877 994
276 877 53
277 421 866
278 466 675
279 112 28
280 722 799
281 97 817
282 388 538
283 942 958
284 773 117
285 973 196
286 491 693
287 421 859
288 410 432
289 390 915
290 95 751
291 372 131
292 675 276
293 0 901
294 770 830
295 423 849
296 372 530
297 415 746
298 364 76
299 608 750
300 263 615
301 439 113
302 823 585
303 585 236
304 665 66
305 605 722
306 732 807
307 434 484
308 67 690
309 132 181
310 773 892
311 609 784
312 83 182
313 657 89
314 617 524
315 381 537
316 96 619
317 383 526
318 507 525
319 915 642
320 177 130
321 236 259
322 947 41
323 513 899
324 7 952
325 666 281
326 404 112
327 350 216
328 662 220
329 998 206
330 724 347
331 600 127
332 128 452
333 36 539
334 263 82
335 131 877
336 506 832
337 458 494
338 956 86
339 369 754
340 790 277
341 144 529
342 639 144
343 636 56
344 959 827
345 311 673
346 381 344
347 678 0
348 719 224
349 487 400
350 163 231
351 266 574
352 484 331
353 839 379
354 399 750
355 72 792
356 607 674
357 809 165
358 877 516
359 773 890
360 788 444
361 163 818
362 404 796
363 113 933
364 733 71
365 591 645
366 631 357
367 127 891
368 447 884
369 411 778
370 804 480
371 240 588
372 459 638
373 290 949
374 872 701
375 608 61
376 238 71
377 514 345
378 961 319
379 640 764
380 1 618
381 828 954
382 746 947
383 602 661
384 466 234
385 599 76
386 747 61
387 800 784
388 314 458
389 685 785
390 726 43
391 302 281
392 597 963
393 20 247
394 875 936
395 611 470
396 861 817
397 606 527
398 173 202
399 892 245
400 814 150
401 522 335
402 763 292
403 993 387
404 107 213
405 17 865
406 200 989
407 326 862
408 656 168
409 34 194
410 324 615
411 923 556
412 151 571
413 30 708
414 464 426
415 740 369
416 572 655
417 764 69
418 901 6
419 602 469
420 816 936
421 702 525
422 102 468
423 928 180
424 481 223
425 67 308
426 298 662
427 479 428
428 216 881
429 131 129
430 987 562
431 666 59
432 249 102
433 766 540
434 401 283
435 955 934
436 615 523
437 621 853
438 664 511
439 972 675
440 870 456
441 559 691
442 750 322
443 567 24
444 831 235
445 638 567
446 70 498
447 39 473
448 400 563
449 735 926
450 623 2
451 460 55
452 953 357
453 813 386
454 469 559
455 795 691
456 56 755
457 647 897
458 911 718
459 180 647
460 582 144
461 437 316
462 320 995
463 770 69
464 544 901
465 967 153
466 975 523
467 70 398
468 14 311
469 551 338
470 991 924
471 116 332
472 847 190
473 626 692
474 439 375
475 229 664
476 251 144
477 578 817
478 2 453
479 547 902
480 936 772
481 527 831
482 56 79
483 280 900
484 950 584
485 193 215
486 516 861
487 128 607
488 251 468
489 488 294
490 340 0
491 330 45
492 127 564
493 341 31
494 500 911
495 907 628
496 105 322
497 334 319
498 52 774
499 899 329
500 184 97
501 101 127
502 989 498
503 173 50
504 11 243
505 921 670
506 207 863
507 715 589
508 770 220
509 860 596
510 550 354
511 161 966
512 779 484
513 540 888
514 265 655
515 45 750
516 878 865
517 563 12
518 474 604
519 301 566
520 377 195
521 238 700
522 56 484
523 625 696
524 940 719
525 809 138
526 8 638
527 165 238
528 726 989
529 690 796
530 352 875
531 152 593
532 926 89
533 489 412
534 386 123
535 712 892
536 331 797
537 983 16
538 487 721
539 915 830
540 901 694
541 412 192
542 385 490
543 391 595
544 145 283
545 22 282
546 624 762
547 428 660
548 193 833
549 793 161
550 495 870
551 308 594
552 130 313
553 858 393
554 452 835
555 450 287
556 420 336
557 195 581
558 243 582
559 784 21
560 813 910
561 475 730
562 211 50
563 159 277
564 351 344
565 778 2
566 223 70
567 147 74
568 461 262
569 729 666
570 326 500
571 405 499
572 2 22
573 8 507
574 796 691
575 903 565
576 403 135
577 142 580
578 663 582
579 411 374
580 735 735
581 909 895
582 347 355
583 525 330
584 822 653
585 691 808
586 534 796
587 268 658
588 119 759
589 466 689
590 149 305
591 85 177
592 393 246
593 281 880
594 117 140
595 96 245
596 491 301
597 881 551
598 227 764
599 48 428
600 139 589
