100
1 4632 1878
2 4214 2907
3 272 3760
4 1265 370
5 2278 2026
6 574 1918
7 3450 2266
8 4424 299
9 3665 268
10 1656 3001
11 803 956
12 325 3766
13 2086 4332
14 1814 4947
15 1011 2910
16 494 2554
17 1407 3876
18 1783 4184
19 412 3485
20 3050 3920
21 729 787
22 1093 3865
23 1728 4691
24 2622 3528
25 1543 3349
26 2175 1289
27 1249 2989
28 3819 666
29 45 3120
30 3201 3576
31 2983 3019
32 3798 2143
33 2486 2297
34 3143 1052
35 734 1899
36 3392 3461
37 2374 3157
38 582 2179
39 973 2839
40 3404 2606
41 2321 4777
42 348 4066
43 2040 3698
44 2235 2714
45 1666 4595
46 4354 1130
47 4047 4959
48 995 208
49 3749 2694
50 3137 3254
51 732 2546
52 2083 577
53 4494 2721
54 3178 2110
55 2025 2917
56 4641 4254
57 2335 2129
58 3332 1351
59 4088 4613
60 876 3885
61 3302 4051
62 347 48
63 2841 4306
64 778 2784
65 2524 203
66 707 1078
67 4968 2706
68 2708 2709
69 815 951
70 4889 521
71 3556 4870
72 4157 3815
73 3209 3636
74 162 1469
75 601 1532
76 3839 1155
77 1055 1905
78 3657 1082
79 303 2604
80 3942 2828
81 355 615
82 4974 893
83 2528 1163
84 2106 296
85 2051 1671
86 4666 4820
87 4302 2379
88 1337 1865
89 4176 4884
90 4508 3294
91 2619 3992
92 707 661
93 247 388
94 4175 2761
95 735 3436
96 3461 2462
97 3539 2076
98 1929 4610
99 4174 436
100 374 170
