50
1 581 87
2 938 194
3 783 373
4 958 691
5 687 389
6 155 25
7 868 629
8 914 722
9 717 332
10 844 876
11 58 23
12 198 278
13 458 233
14 158 137
15 886 609
16 676 719
17 774 902
18 413 946
19 354 902
20 244 808
21 260 656
22 489 773
23 717 294
24 879 921
25 156 904
26 937 180
27 54 413
28 493 200
29 194 514
30 868 366
31 325 32
32 408 339
33 934 897
34 486 188
35 594 323
36 934 847
37 498 328
38 409 756
39 739 653
40 203 189
41 943 922
42 385 418
43 410 866
44 701 623
45 184 684
46 575 146
47 925 968
48 902 992
49 413 134
50 927 343
