150
1 180 5370
2 3507 2311
3 9185 322
4 4869 5108
5 945 7727
6 3494 4318
7 9997 1769
8 2155 1747
9 9871 514
10 1537 7986
11 3064 3081
12 4680 7570
13 2785 4431
14 9938 2582
15 8660 1961
16 364 6815
17 5292 4309
18 3548 1059
19 330 3168
20 892 3133
21 2474 7431
22 342 2789
23 4085 4317
24 3265 4482
25 1431 6796
26 7786 5532
27 4 3215
28 3750 2343
29 1943 400
30 4375 829
31 5163 782
32 4237 347
33 7822 993
34 6959 2015
35 7891 5505
36 5003 3376
37 2375 8643
38 3866 1022
39 6117 1157
40 4791 8844
41 2414 5293
42 1490 2444
43 9827 3917
44 80 5065
45 9141 1049
46 1141 4058
47 3136 5500
48 3972 7958
49 354 4791
50 9990 9091
51 9394 5708
52 5801 6532
53 2287 8027
54 3339 1090
55 3159 8219
56 8840 8857
57 7242 2619
58 3136 3751
59 93 7928
60 3629 5744
61 2547 66
62 4595 1222
63 6057 1099
64 9416 1064
65 225 8495
66 6294 3976
67 9665 890
68 7375 1921
69 6908 9063
70 8209 9448
71 7874 8469
72 7466 9938
73 5092 6671
74 7853 7799
75 3963 1195
76 8149 1317
77 6777 3490
78 970 7976
79 5775 2994
80 5906 1849
81 5681 8945
82 2473 1669
83 7431 4131
84 372 4095
85 6309 5886
86 4259 7560
87 8526 8076
88 2053 7198
89 4356 8768
90 9872 6243
91 4659 9468
92 8417 8415
93 8431 787
94 3905 1593
95 1435 3643
96 2569 5586
97 9723 3637
98 1463 482
99 8716 8319
100 3697 8999
101 5314 4985
102 2985 203
103 675 248
104 9474 7141
105 7107 5352
106 3602 8515
107 1006 1701
108 233 5063
109 557 8235
110 4449 9887
111 3315 1468
112 9558 8314
113 6263 7954
114 3607 3735
115 5144 1238
116 46 2272
117 5196 7968
118 4989 1000
119 8249 4160
120 393 4272
121 4631 5213
122 6395 2896
123 7429 1116
124 420 1748
125 2651 3
126 1057 1220
127 8992 6398
128 5280 4697
129 9502 4097
130 4962 9133
131 8403 3247
132 7602 9251
133 9209 1563
134 1044 5815
135 8008 7726
136 6497 8950
137 2969 9496
138 9170 5441
139 1182 4138
140 6827 3118
141 6193 5379
142 1291 32
143 8875 7097
144 1936 9096
145 9014 4922
146 2384 6619
147 5781 7908
148 3877 3894
149 1522 4850
150 1033 9360
