150
1 4779 4036
2 1670 4412
3 676 3854
4 2486 4715
5 1635 275
6 3918 3900
7 1659 3187
8 32 1850
9 826 203
10 734 3035
11 2981 4470
12 633 4510
13 3859 457
14 426 2689
15 4710 2734
16 4464 3436
17 711 4355
18 3204 122
19 4617 1547
20 4729 1920
21 1177 4094
22 4513 1918
23 2756 4181
24 3379 4103
25 4386 3193
26 4297 396
27 994 2340
28 4633 2349
29 1646 2503
30 2994 890
31 783 4982
32 2194 2663
33 1380 849
34 2917 1895
35 888 4620
36 1497 1330
37 169 3066
38 2352 538
39 576 1653
40 1277 2450
41 4270 4993
42 218 3144
43 1076 2698
44 1242 2773
45 990 2475
46 1666 1674
47 3120 3648
48 3438 3493
49 97 2846
50 929 1404
51 431 129
52 2044 1673
53 620 2751
54 107 4399
55 2160 444
56 4629 1300
57 4910 1660
58 219 4848
59 4019 1360
60 4506 4597
61 4173 115
62 2636 2422
63 2760 3181
64 2507 1269
65 719 3666
66 560 3576
67 1656 4347
68 2443 4084
69 3385 4309
70 4724 1397
71 3706 2376
72 2762 4701
73 2355 4851
74 2522 4563
75 312 590
76 826 2973
77 2322 769
78 3062 1545
79 1599 1707
80 2674 3744
81 4877 3301
82 1633 4364
83 2131 528
84 4958 3804
85 4864 36
86 1345 990
87 3880 186
88 4053 1876
89 2124 1821
90 784 138
91 4602 4100
92 4490 1534
93 4877 4843
94 2145 4009
95 3998 4875
96 1259 3845
97 819 1271
98 478 3512
99 3583 609
100 901 4016
101 2001 3988
102 4924 351
103 2738 3595
104 302 3922
105 4121 4889
106 1236 444
107 3466 4819
108 4905 2480
109 4055 3347
110 1748 270
111 4012 1478
112 3470 3605
113 1801 2696
114 2157 4019
115 204 742
116 7 2009
117 53 1357
118 307 3219
119 30 1538
120 2893 2110
121 3259 4745
122 544 2610
123 942 2121
124 1601 3722
125 2615 655
126 3545 4577
127 2089 59
128 2403 3000
129 2160 1064
130 471 4910
131 346 1832
132 3830 247
133 2051 2399
134 2687 1583
135 2438 2166
136 1097 1817
137 4993 2139
138 1874 2555
139 2464 135
140 920 2277
141 2165 673
142 174 4434
143 1142 3377
144 737 1109
145 4007 4391
146 187 1232
147 4290 2925
148 1808 1369
149 2644 2970
150 2687 1766
