100
1 89 9327
2 4830 6667
3 2520 1446
4 3257 1536
5 7372 3265
6 7635 3085
7 2701 7224
8 3367 7800
9 2632 8896
10 5812 4655
11 1110 5599
12 249 7769
13 9886 2465
14 3122 15
15 3769 1003
16 4642 4810
17 8439 5070
18 8626 2606
19 8305 542
20 3752 2520
21 2927 2068
22 9083 4724
23 731 4096
24 6774 4323
25 2373 7427
26 7595 2042
27 9096 1228
28 7274 1230
29 4588 6865
30 9730 4159
31 7389 3937
32 5831 2402
33 3421 3160
34 9285 7316
35 8454 9442
36 4452 1723
37 3490 5779
38 908 4831
39 543 5143
40 1867 394
41 5181 2245
42 8517 3547
43 5657 8969
44 5067 8929
45 8639 2563
46 3343 2454
47 1531 2538
48 9398 2410
49 2497 3236
50 8847 3490
51 3695 1386
52 7220 1744
53 527 1592
54 351 4965
55 2881 9091
56 3423 501
57 8552 7358
58 7514 5018
59 2515 158
60 581 5435
61 5455 269
62 5553 7693
63 4316 6172
64 4360 5978
65 429 908
66 5914 1826
67 3972 270
68 4097 7424
69 6637 6505
70 2283 3615
71 7705 1485
72 7465 5212
73 7278 2742
74 7315 6461
75 5069 1251
76 8175 4162
77 1285 9431
78 7906 6827
79 4774 2096
80 4373 4795
81 344 518
82 7339 4411
83 2909 2342
84 8995 5218
85 1716 5184
86 5993 1732
87 8655 1293
88 818 104
89 7287 9877
90 1672 2046
91 7935 1056
92 6850 9072
93 2439 1003
94 1271 3737
95 9458 2686
96 3268 3860
97 9898 7915
98 6541 3030
99 8882 4505
100 465 3822
