800
1 437 540
2 295 253
3 366 411
4 173 6
5 589 270
6 751 280
7 527 964
8 463 956
9 389 868
10 110 402
11 847 716
12 76 142
13 976 418
14 609 515
15 60 742
16 83 188
17 168 991
18 81 353
19 98 870
20 32 863
21 457 576
22 100 691
23 85 567
24 545 864
25 721 403
26 50 495
27 304 797
28 346 622
29 30 461
30 697 228
31 81 941
32 585 676
33 240 781
34 681 816
35 386 0
36 826 128
37 682 679
38 281 76
39 234 716
40 724 822
41 30 162
42 561 779
43 242 267
44 115 683
45 406 434
46 629 974
47 297 506
48 204 554
49 676 422
50 985 171
51 464 923
52 620 498
53 674 243
54 119 618
55 686 699
56 938 822
57 763 224
58 130 446
59 278 469
60 8 572
61 88 951
62 751 682
63 116 101
64 750 287
65 348 26
66 847 506
67 563 438
68 134 773
69 153 836
70 246 221
71 850 717
72 401 497
73 448 732
74 519 946
75 722 731
76 305 714
77 533 462
78 141 767
79 410 998
80 685 442
81 440 770
82 395 931
83 308 865
84 208 464
85 150 554
86 190 350
87 829 488
88 290 655
89 158 432
90 454 516
91 49 525
92 637 869
93 44 14
94 385 206
95 516 294
96 593 764
97 913 196
98 727 49
99 250 436
100 498 652
101 241 862
102 54 725
103 120 109
104 829 207
105 971 131
106 168 423
107 888 379
108 990 740
109 5 719
110 265 231
111 857 691
112 876 405
113 38 145
114 441 786
115 405 135
116 315 129
117 546 54
118 144 857
119 913 732
120 129 10
121 122 237
122 861 721
123 337 965
124 234 439
125 41 57
126 141 97
127 393 182
128 589 388
129 399 362
130 875 791
131 181 90
132 860 557
133 266 492
134 498 747
135 330 654
136 192 559
137 544 990
138 4 186
139 419 171
140 594 184
141 390 804
142 271 853
143 173 440
144 675 913
145 125 581
146 867 271
147 683 485
148 149 11
149 376 902
150 197 954
151 187 921
152 368 455
153 559 230
154 39 691
155 550 637
156 182 132
157 303 104
158 485 802
159 244 583
160 127 286
161 887 212
162 458 691
163 174 112
164 854 665
165 700 78
166 753 295
167 458 495
168 362 10
169 494 629
170 676 292
171 611 915
172 462 318
173 873 397
174 281 272
175 279 717
176 897 520
177 973 189
178 263 538
179 151 820
180 231 176
181 303 410
182 950 610
183 817 86
184 534 407
185 990 155
186 596 908
187 409 310
188 249 180
189 206 27
190 729 849
191 412 392
192 217 970
193 144 818
194 796 325
195 964 599
196 959 535
197 864 124
198 75 762
199 328 624
200 59 934
201 997 680
202 215 411
203 913 36
204 17 30
205 253 98
206 566 675
207 477 146
208 742 929
209 7 234
210 375 356
211 967 426
212 999 911
213 607 275
214 153 640
215 53 715
216 771 360
217 781 604
218 221 3
219 553 831
220 588 125
221 742 618
222 567 918
223 161 426
224 946 800
225 482 869
226 289 190
227 904 494
228 503 343
229 764 982
230 409 155
231 146 185
232 852 557
233 150 696
234 270 370
235 155 109
236 371 593
237 482 356
238 478 467
239 921 431
240 491 693
241 34 826
242 330 411
243 445 441
244 975 816
245 416 271
246 872 11
247 294 841
248 375 36
249 455 786
250 521 224
251 239 736
252 198 969
253 288 750
254 313 537
255 836 579
256 858 56
257 669 435
258 26 629
259 192 893
260 271 649
261 187 157
262 777 634
263 506 939
264 228 718
265 128 75
266 103 838
267 251 790
268 716 662
269 593 770
270 289 602
271 682 197
272 111 282
273 710 463
274 873 473
275 209 153
276 598 107
277 11 560
278 91 774
279 557 951
280 723 162
281 145 60
282 416 971
283 337 105
284 463 23
285 835 214
286 662 155
287 164 901
288 273 867
289 18 206
290 638 602
291 950 276
292 822 862
293 370 232
294 821 439
295 79 797
296 523 641
297 27 603
298 596 409
299 32 656
300 93 509
301 768 252
302 888 950
303 680 683
304 650 250
305 307 560
306 594 925
307 801 232
308 157 457
309 55 989
310 176 894
311 473 845
312 877 459
313 604 402
314 283 957
315 337 939
316 151 751
317 223 650
318 927 299
319 25 55
320 968 976
321 296 254
322 213 685
323 377 972
324 172 309
325 402 479
326 868 963
327 225 983
328 690 167
329 23 448
330 548 985
331 179 129
332 997 22
333 577 938
334 10 234
335 452 209
336 308 533
337 17 846
338 7 72
339 151 664
340 554 545
341 60 183
342 577 957
343 825 243
344 216 190
345 969 637
346 40 581
347 646 388
348 414 2
349 749 547
350 570 881
351 379 90
352 334 279
353 583 497
354 920 374
355 826 692
356 649 166
357 988 715
358 791 981
359 385 641
360 831 55
361 444 392
362 839 393
363 755 787
364 236 242
365 203 741
366 543 91
367 685 552
368 365 985
369 113 431
370 703 65
371 498 888
372 615 43
373 691 988
374 429 162
375 248 178
376 33 3
377 991 507
378 297 323
379 984 919
380 485 470
381 484 847
382 137 734
383 874 668
384 75 289
385 344 9
386 310 246
387 263 532
388 502 225
389 215 979
390 148 885
391 150 300
392 668 145
393 235 837
394 502 70
395 207 286
396 770 56
397 679 27
398 760 475
399 915 263
400 22 8
401 786 117
402 195 439
403 538 656
404 476 399
405 690 798
406 412 325
407 523 136
408 474 466
409 575 606
410 509 584
411 992 913
412 283 237
413 188 40
414 323 233
415 703 839
416 351 365
417 961 245
418 319 260
419 274 204
420 825 430
421 556 855
422 349 683
423 960 335
424 537 893
425 723 334
426 648 73
427 834 968
428 640 968
429 955 479
430 11 488
431 62 118
432 326 456
433 541 479
434 841 581
435 48 873
436 959 518
437 259 924
438 895 414
439 516 688
440 65 227
441 703 141
442 749 75
443 157 603
444 808 535
445 237 766
446 208 210
447 513 266
448 635 787
449 900 509
450 963 297
451 362 805
452 868 574
453 329 79
454 185 768
455 639 506
456 388 676
457 852 516
458 845 611
459 81 723
460 341 402
461 833 926
462 570 157
463 199 205
464 245 268
465 800 318
466 619 792
467 418 826
468 970 615
469 373 527
470 861 246
471 10 783
472 720 319
473 281 241
474 239 964
475 887 142
476 445 442
477 623 47
478 489 577
479 264 997
480 550 683
481 776 258
482 714 779
483 344 278
484 495 832
485 8 772
486 297 146
487 163 958
488 95 949
489 183 933
490 973 971
491 782 894
492 681 631
493 496 585
494 325 47
495 477 996
496 60 993
497 141 976
498 656 458
499 194 419
500 796 58
501 697 686
502 142 20
503 637 222
504 199 925
505 60 344
506 53 963
507 670 993
508 961 656
509 955 293
510 709 631
511 837 697
512 872 798
513 286 26
514 357 588
515 954 487
516 648 765
517 448 436
518 243 979
519 357 681
520 841 320
521 426 755
522 529 594
523 848 905
524 852 542
525 513 289
526 10 416
527 200 348
528 202 337
529 683 487
530 697 882
531 535 172
532 877 600
533 278 560
534 722 88
535 181 958
536 180 309
537 177 812
538 647 472
539 611 541
540 740 24
541 992 527
542 332 282
543 190 645
544 689 26
545 812 39
546 59 915
547 778 377
548 961 315
549 817 657
550 433 507
551 660 589
552 498 13
553 911 997
554 927 302
555 111 796
556 431 175
557 530 253
558 515 135
559 56 500
560 255 387
561 234 194
562 332 216
563 450 221
564 501 607
565 244 928
566 201 883
567 275 94
568 425 656
569 382 621
570 627 740
571 732 784
572 318 242
573 575 853
574 670 596
575 973 273
576 10 113
577 820 833
578 372 872
579 783 42
580 681 276
581 508 939
582 122 888
583 665 673
584 250 637
585 814 595
586 201 769
587 251 528
588 145 650
589 885 542
590 111 388
591 814 308
592 651 311
593 219 130
594 75 228
595 634 623
596 573 297
597 875 19
598 796 987
599 934 47
600 845 996
601 813 129
602 915 862
603 907 572
604 543 159
605 230 832
606 420 485
607 145 629
608 226 955
609 926 630
610 1 652
611 322 964
612 137 823
613 688 632
614 23 132
615 578 846
616 970 183
617 229 798
618 231 818
619 333 140
620 34 8
621 993 370
622 150 583
623 160 245
624 439 197
625 677 173
626 517 71
627 95 513
628 148 573
629 67 75
630 874 602
631 790 151
632 969 747
633 989 778
634 118 622
635 392 672
636 952 237
637 567 334
638 125 475
639 819 610
640 809 294
641 824 968
642 729 134
643 129 702
644 807 748
645 213 474
646 390 630
647 457 330
648 609 955
649 334 541
650 47 122
651 804 824
652 58 136
653 655 803
654 904 441
655 169 165
656 49 214
657 264 53
658 939 280
659 761 411
660 898 652
661 101 559
662 883 544
663 627 128
664 707 941
665 47 927
666 460 885
667 289 701
668 696 558
669 809 153
670 17 16
671 490 31
672 152 28
673 900 302
674 724 510
675 22 505
676 325 764
677 787 352
678 633 391
679 45 39
680 503 481
681 456 608
682 531 271
683 960 389
684 562 74
685 821 824
686 494 65
687 222 310
688 299 217
689 20 417
690 163 775
691 640 990
692 112 669
693 872 15
694 192 779
695 846 9
696 821 992
697 969 320
698 477 897
699 624 657
700 7 586
701 100 392
702 640 403
703 502 788
704 493 668
705 385 936
706 306 124
707 736 931
708 402 894
709 267 234
710 311 573
711 630 965
712 373 66
713 539 399
714 714 171
715 18 257
716 737 942
717 293 498
718 191 175
719 393 768
720 621 142
721 369 762
722 703 92
723 893 769
724 460 840
725 660 603
726 16 893
727 694 282
728 222 934
729 429 13
730 930 524
731 36 158
732 38 399
733 665 612
734 691 548
735 119 697
736 690 574
737 359 327
738 643 704
739 624 462
740 670 82
741 588 241
742 297 418
743 957 18
744 321 468
745 679 699
746 244 645
747 504 6
748 391 549
749 254 39
750 115 411
751 832 777
752 829 541
753 584 966
754 150 848
755 63 884
756 0 69
757 362 636
758 955 317
759 803 980
760 439 950
761 642 519
762 354 782
763 478 435
764 324 463
765 646 684
766 480 748
767 917 655
768 518 27
769 54 777
770 288 595
771 884 425
772 74 888
773 606 108
774 917 317
775 80 192
776 533 530
777 285 674
778 386 902
779 404 292
780 252 782
781 737 281
782 771 494
783 381 195
784 357 887
785 856 527
786 785 114
787 310 391
788 635 804
789 256 41
790 225 403
791 725 590
792 382 304
793 281 661
794 741 533
795 124 640
796 713 857
797 501 632
798 474 913
799 161 709
800 66 386
