150
1 567 74
2 198 818
3 825 598
4 414 390
5 451 448
6 24 559
7 137 116
8 507 946
9 55 957
10 665 671
11 900 442
12 692 767
13 644 649
14 43 58
15 105 514
16 226 256
17 642 56
18 945 958
19 598 859
20 851 227
21 947 521
22 361 412
23 82 542
24 864 997
25 901 314
26 529 970
27 428 442
28 216 413
29 732 913
30 455 815
31 937 553
32 308 132
33 317 316
34 152 594
35 10 216
36 817 11
37 140 746
38 354 572
39 203 690
40 385 645
41 928 384
42 642 577
43 21 733
44 402 248
45 722 574
46 887 660
47 397 364
48 654 480
49 873 671
50 564 920
51 211 636
52 225 588
53 681 980
54 858 359
55 427 431
56 342 264
57 271 257
58 932 438
59 576 52
60 75 297
61 894 374
62 761 815
63 308 437
64 296 236
65 998 248
66 758 862
67 609 87
68 740 464
69 551 622
70 561 364
71 707 334
72 224 47
73 171 332
74 159 695
75 780 526
76 737 472
77 705 139
78 567 704
79 287 187
80 178 152
81 555 951
82 908 84
83 173 394
84 472 725
85 681 920
86 519 917
87 787 661
88 733 609
89 579 554
90 147 302
91 809 747
92 342 805
93 19 469
94 159 561
95 669 958
96 997 172
97 512 997
98 792 220
99 822 844
100 751 811
101 333 362
102 84 312
103 666 70
104 790 152
105 16 409
106 88 873
107 169 700
108 824 448
109 107 810
110 923 281
111 119 487
112 127 519
113 14 449
114 17 709
115 109 421
116 351 820
117 252 285
118 745 350
119 601 681
120 996 994
121 713 468
122 6 65
123 618 832
124 569 137
125 346 620
126 378 799
127 788 509
128 697 610
129 77 611
130 718 422
131 234 270
132 802 199
133 517 568
134 52 334
135 175 772
136 933 344
137 775 608
138 222 37
139 172 751
140 712 31
141 288 434
142 876 20
143 621 616
144 980 677
145 661 636
146 705 736
147 28 462
148 543 747
149 152 404
150 854 306
