50
1 4380 3451
2 4929 39
3 250 1313
4 983 1394
5 1069 1675
6 1963 3527
7 2693 1151
8 4564 3755
9 3063 3318
10 1762 1609
11 1545 1339
12 3832 698
13 4537 4774
14 2224 1503
15 2985 1124
16 3797 657
17 61 4585
18 2822 2860
19 960 3608
20 3146 1966
21 4051 2690
22 4551 726
23 2504 357
24 1424 3091
25 247 2159
26 3726 731
27 4599 180
28 1165 798
29 511 2172
30 1275 233
31 3836 849
32 3180 719
33 4110 2407
34 1346 2861
35 2015 1612
36 1340 2109
37 1403 2514
38 4948 2229
39 2294 875
40 517 1600
41 4083 1397
42 1212 294
43 3073 4134
44 4566 1688
45 979 4873
46 835 2567
47 1711 1545
48 2457 1605
49 334 3150
50 4996 2427
