120
1 48 1243
2 1990 929
3 1512 334
4 1609 576
5 546 984
6 595 1617
7 1976 1437
8 1988 273
9 1619 94
10 8 778
11 1715 1181
12 285 313
13 753 1983
14 1263 418
15 339 787
16 390 66
17 1520 467
18 452 1686
19 1509 105
20 567 1482
21 599 1268
22 630 548
23 985 554
24 1674 1059
25 832 415
26 970 802
27 373 1111
28 171 193
29 603 105
30 1623 1014
31 1059 982
32 382 1951
33 1388 968
34 603 491
35 142 1149
36 1689 1466
37 1321 1670
38 1765 1811
39 1337 1259
40 1445 901
41 1869 450
42 1417 47
43 1560 736
44 833 1875
45 1431 1214
46 496 1800
47 1557 1855
48 1504 1856
49 1900 1890
50 597 1242
51 380 1523
52 390 169
53 1377 1319
54 345 564
55 512 72
56 1006 414
57 1073 733
58 544 1129
59 228 1389
60 919 375
61 381 1605
62 881 738
63 914 1753
64 1538 1389
65 423 1320
66 1433 1434
67 1159 1843
68 1014 1517
69 854 446
70 489 1568
71 725 1000
72 1452 1433
73 374 136
74 852 425
75 1296 1736
76 1236 1158
77 181 983
78 322 1083
79 482 1114
80 1198 1374
81 1446 1986
82 1888 931
83 151 1748
84 369 47
85 658 1764
86 1933 880
87 929 1843
88 1112 1771
89 50 1708
90 927 213
91 725 393
92 1056 1670
93 214 1227
94 1676 1227
95 348 1866
96 1355 315
97 1345 1722
98 49 1357
99 68 1902
100 1888 1352
101 347 785
102 190 154
103 1116 195
104 937 157
105 1038 1904
106 360 839
107 1675 536
108 275 1809
109 1913 90
110 342 858
111 1338 962
112 1345 236
113 1312 69
114 548 1008
115 53 1226
116 234 398
117 298 732
118 547 648
119 942 365
120 343 71
