100
1 44 265
2 747 312
3 893 913
4 942 2
5 37 99
6 921 280
7 860 912
8 705 363
9 784 42
10 662 43
11 428 860
12 383 543
13 696 716
14 547 156
15 863 704
16 827 481
17 900 999
18 948 488
19 359 322
20 872 694
21 567 34
22 911 759
23 640 628
24 890 452
25 567 586
26 425 646
27 899 387
28 245 416
29 527 391
30 256 512
31 901 515
32 732 78
33 909 396
34 34 392
35 878 618
36 924 525
37 260 2
38 189 992
39 827 409
40 943 832
41 483 333
42 316 566
43 292 446
44 857 254
45 204 830
46 153 794
47 623 44
48 182 579
49 382 479
50 357 1
51 483 433
52 2 45
53 28 370
54 145 85
55 462 23
56 824 280
57 395 347
58 801 995
59 383 132
60 500 483
61 808 521
62 196 11
63 732 371
64 432 552
65 272 585
66 797 259
67 462 256
68 690 855
69 118 746
70 77 180
71 680 631
72 476 460
73 344 2
74 479 396
75 740 166
76 596 717
77 58 32
78 250 139
79 957 734
80 114 685
81 402 896
82 370 382
83 662 806
84 557 747
85 186 587
86 344 623
87 802 320
88 293 852
89 242 452
90 477 970
91 186 499
92 322 620
93 315 404
94 171 425
95 50 839
96 612 321
97 541 70
98 157 554
99 420 500
100 385 329
