60
1 1137 1093
2 623 704
3 1330 120
4 1204 86
5 1333 1591
6 1093 96
7 382 532
8 1526 1841
9 1271 32
10 1526 995
11 1285 1375
12 684 552
13 1756 775
14 1954 1222
15 1583 218
16 1095 1155
17 154 1029
18 1727 748
19 1011 904
20 974 76
21 606 1638
22 518 1276
23 1056 1823
24 1532 838
25 1846 829
26 1281 302
27 296 1883
28 912 1043
29 680 1181
30 531 130
31 1215 44
32 811 940
33 154 176
34 560 1817
35 368 1939
36 917 1533
37 1528 1219
38 1760 1146
39 920 376
40 1577 1638
41 1105 216
42 1344 1535
43 74 1079
44 1332 652
45 1625 1251
46 930 197
47 425 447
48 250 1798
49 361 1821
50 1304 1712
51 1889 1954
52 273 1856
53 859 1013
54 1740 1604
55 15 104
56 116 1067
57 766 154
58 331 877
59 100 251
60 273 1051
