50
1 9958 5375
2 1159 4406
3 5921 8217
4 9831 7555
5 2269 9811
6 784 1323
7 1882 731
8 416 2405
9 1256 2783
10 8120 1172
11 474 8953
12 2248 2097
13 5591 6098
14 2749 6347
15 7267 2032
16 5676 1309
17 8254 2114
18 319 2815
19 1611 350
20 7199 1887
21 3332 2888
22 6162 8369
23 620 5542
24 664 52
25 4597 2129
26 1761 6904
27 195 4831
28 4705 8365
29 4961 2543
30 4854 9949
31 6130 2004
32 8745 5581
33 6011 9814
34 8563 207
35 8863 6101
36 4787 4044
37 3962 1535
38 6925 5744
39 1699 9956
40 4372 8806
41 8012 6617
42 9435 4486
43 8667 7706
44 4105 6605
45 8318 6243
46 5851 6604
47 7722 2592
48 8030 4243
49 5317 5939
50 7854 8895
