100
1 1715 1017
2 853 71
3 2 1024
4 1051 246
5 1532 727
6 1681 1124
7 803 879
8 1379 1259
9 696 1265
10 1883 1325
11 982 989
12 100 952
13 1810 100
14 1247 1066
15 865 1895
16 1206 806
17 347 558
18 992 1703
19 430 1646
20 260 229
21 886 69
22 129 150
23 172 8
24 1773 1799
25 1197 31
26 316 1707
27 1660 1534
28 1220 1842
29 1898 552
30 110 78
31 1509 1199
32 144 802
33 1823 815
34 9 396
35 449 428
36 364 468
37 319 1240
38 737 661
39 93 458
40 1432 844
41 34 1436
42 1568 1727
43 668 1651
44 871 1569
45 965 388
46 178 3
47 436 725
48 1823 1436
49 343 610
50 1161 1179
51 384 1186
52 876 476
53 1645 217
54 394 42
55 1837 910
56 974 741
57 527 336
58 1726 84
59 1645 916
60 198 268
61 634 2
62 1395 1969
63 1847 530
64 1805 1292
65 188 833
66 1368 1647
67 421 648
68 1500 1477
69 1226 878
70 1332 701
71 68 29
72 133 1240
73 1613 1955
74 1616 192
75 1624 282
76 393 1180
77 305 921
78 904 897
79 1173 1884
80 1232 60
81 1413 1970
82 590 877
83 743 294
84 1988 1798
85 1966 865
86 1911 373
87 1147 925
88 230 269
89 3 45
90 796 332
91 1635 1451
92 1304 1720
93 386 737
94 122 1035
95 470 1741
96 1905 369
97 618 1647
98 1523 1744
99 1694 52
100 1516 1175
