80
1 1434 158
2 630 1010
3 1684 1005
4 293 1848
5 559 1173
6 1633 104
7 1403 1687
8 1397 744
9 108 1560
10 281 1820
11 288 1116
12 1545 289
13 1906 1317
14 952 1181
15 206 251
16 1269 54
17 1926 940
18 1533 531
19 1476 710
20 1681 336
21 673 417
22 1689 1062
23 1189 883
24 1976 1354
25 672 319
26 1442 1989
27 168 302
28 956 84
29 276 1280
30 1779 1040
31 249 1636
32 400 720
33 1346 214
34 811 590
35 806 1257
36 1245 328
37 1557 1062
38 874 40
39 386 963
40 1310 870
41 1192 119
42 1351 139
43 1894 733
44 1508 746
45 1180 216
46 1964 331
47 1179 1574
48 1458 1175
49 1320 1143
50 1016 1723
51 1953 1231
52 1586 838
53 963 1274
54 1644 933
55 1036 1536
56 1070 1074
57 508 330
58 1023 953
59 689 468
60 1528 251
61 1971 1954
62 1274 405
63 829 760
64 850 1619
65 1902 837
66 92 1682
67 1551 160
68 455 1412
69 1381 1014
70 1079 1319
71 761 1314
72 704 120
73 966 1646
74 1634 20
75 1362 1432
76 1120 1247
77 1041 1817
78 1941 136
79 151 1762
80 1833 1853
