1000
1 597 156
2 904 708
3 492 981
4 611 409
5 457 927
6 504 438
7 988 534
8 535 555
9 750 968
10 511 231
11 151 618
12 139 177
13 626 10
14 920 392
15 196 570
16 290 81
17 429 275
18 119 993
19 525 889
20 28 435
21 587 78
22 150 996
23 954 913
24 252 142
25 958 224
26 308 562
27 278 619
28 523 377
29 209 107
30 977 901
31 453 35
32 796 155
33 214 838
34 804 540
35 901 225
36 559 828
37 769 458
38 957 834
39 338 434
40 687 378
41 803 495
42 955 423
43 39 884
44 771 805
45 592 669
46 351 933
47 28 958
48 400 378
49 233 644
50 983 397
51 363 486
52 445 684
53 371 620
54 924 376
55 289 673
56 766 62
57 238 277
58 621 38
59 115 566
60 458 691
61 39 329
62 265 474
63 855 955
64 981 302
65 414 421
66 664 267
67 295 639
68 62 834
69 552 811
70 731 469
71 298 54
72 554 268
73 6 531
74 384 54
75 362 57
76 760 467
77 836 181
78 927 394
79 279 955
80 251 519
81 548 825
82 304 440
83 722 804
84 851 383
85 729 976
86 347 242
87 795 474
88 412 570
89 644 376
90 845 169
91 740 131
92 149 375
93 530 483
94 458 686
95 51 892
96 754 53
97 915 441
98 341 322
99 612 110
100 618 404
101 109 682
102 114 15
103 84 444
104 298 745
105 943 860
106 517 269
107 151 38
108 465 622
109 455 187
110 264 926
111 564 785
112 866 199
113 821 548
114 897 210
115 500 996
116 237 238
117 389 729
118 897 924
119 878 252
120 6 73
121 488 960
122 126 827
123 606 641
124 612 383
125 739 404
126 130 346
127 81 495
128 563 990
129 823 586
130 74 752
131 403 678
132 874 432
133 592 77
134 8 761
135 65 267
136 462 105
137 583 347
138 386 131
139 55 581
140 862 339
141 0 174
142 360 529
143 811 360
144 653 731
145 812 924
146 426 716
147 440 757
148 371 33
149 695 847
150 440 669
151 636 864
152 588 363
153 627 621
154 223 428
155 90 808
156 15 442
157 875 1
158 939 181
159 833 563
160 240 155
161 393 393
162 719 989
163 140 536
164 327 360
165 770 390
166 167 145
167 992 267
168 975 869
169 740 775
170 479 16
171 409 820
172 775 844
173 799 782
174 833 356
175 636 136
176 332 41
177 969 449
178 171 349
179 438 935
180 478 702
181 376 450
182 150 573
183 708 244
184 510 616
185 836 800
186 513 845
187 649 193
188 143 200
189 225 108
190 692 231
191 580 816
192 2 668
193 962 780
194 749 618
195 143 187
196 855 851
197 329 700
198 30 457
199 233 876
200 147 100
201 616 544
202 365 220
203 325 277
204 717 208
205 868 499
206 682 638
207 968 490
208 848 979
209 588 235
210 565 581
211 239 530
212 860 799
213 238 739
214 894 885
215 423 19
216 741 89
217 507 87
218 522 797
219 890 739
220 162 458
221 230 404
222 349 992
223 977 286
224 144 263
225 784 822
226 19 302
227 349 55
228 956 346
229 503 863
230 581 601
231 773 607
232 908 550
233 27 902
234 226 888
235 371 552
236 743 887
237 839 198
238 524 295
239 422 413
240 456 240
241 814 243
242 655 36
243 737 623
244 207 259
245 779 297
246 381 700
247 187 354
248 400 725
249 416 693
250 628 620
251 38 773
252 91 95
253 712 953
254 950 737
255 528 390
256 418 598
257 197 900
258 1 857
259 77 948
260 741 507
261 747 192
262 261 631
263 978 587
264 33 52
265 939 18
266 632 779
267 963 699
268 597 721
269 193 901
270 357 95
271 926 281
272 28 600
273 478 120
274 569 491
275 678 981
276 823 866
277 343 628
278 941 498
279 330 874
280 224 780
281 188 671
282 591 267
283 931 474
284 95 375
285 113 203
286 920 961
287 889 463
288 888 176
289 456 855
290 319 483
291 31 754
292 11 544
293 62 845
294 589 221
295 834 632
296 219 589
297 938 371
298 303 341
299 366 320
300 640 167
301 329 715
302 799 886
303 97 87
304 125 292
305 724 826
306 659 33
307 958 148
308 930 557
309 888 548
310 53 375
311 259 284
312 331 430
313 829 766
314 553 609
315 331 703
316 959 946
317 488 219
318 834 472
319 101 921
320 235 117
321 898 840
322 445 461
323 763 50
324 340 584
325 366 600
326 933 658
327 476 103
328 8 761
329 223 897
330 805 566
331 763 166
332 310 64
333 495 661
334 849 973
335 630 206
336 850 859
337 617 474
338 286 438
339 319 661
340 834 882
341 760 794
342 45 348
343 302 903
344 227 468
345 501 267
346 508 830
347 309 102
348 84 841
349 510 680
350 116 230
351 283 565
352 594 693
353 777 158
354 236 989
355 978 723
356 530 371
357 429 616
358 117 614
359 889 46
360 330 16
361 842 76
362 324 367
363 186 910
364 737 100
365 788 844
366 891 971
367 605 862
368 227 765
369 68 558
370 33 563
371 659 830
372 454 11
373 686 949
374 629 744
375 100 972
376 495 69
377 212 149
378 367 34
379 90 302
380 789 938
381 769 650
382 343 44
383 475 577
384 877 257
385 431 730
386 163 885
387 995 582
388 924 498
389 170 902
390 509 145
391 439 359
392 729 490
393 299 309
394 963 271
395 820 534
396 128 883
397 222 521
398 390 648
399 486 199
400 432 554
401 373 192
402 796 646
403 721 657
404 630 264
405 242 749
406 902 811
407 748 41
408 871 721
409 584 4
410 890 173
411 48 711
412 707 271
413 171 578
414 169 873
415 333 527
416 684 80
417 115 858
418 82 581
419 750 281
420 555 476
421 358 153
422 398 388
423 344 321
424 131 400
425 875 379
426 138 190
427 159 176
428 308 870
429 431 331
430 729 389
431 121 441
432 953 691
433 212 336
434 623 81
435 401 989
436 283 807
437 157 10
438 575 645
439 654 352
440 244 136
441 163 505
442 685 120
443 641 658
444 852 488
445 307 758
446 404 293
447 362 598
448 464 50
449 934 696
450 234 891
451 331 862
452 766 665
453 144 377
454 455 934
455 508 829
456 82 577
457 537 150
458 186 652
459 389 355
460 788 132
461 663 763
462 676 729
463 207 965
464 199 487
465 113 636
466 179 107
467 676 291
468 251 194
469 774 237
470 744 727
471 378 992
472 349 571
473 340 11
474 281 826
475 476 85
476 930 851
477 850 408
478 8 496
479 217 823
480 47 904
481 606 315
482 474 481
483 675 980
484 588 41
485 831 502
486 664 919
487 913 394
488 277 6
489 637 175
490 58 570
491 310 440
492 160 893
493 780 455
494 311 284
495 591 762
496 425 638
497 525 822
498 279 349
499 977 945
500 456 592
501 821 13
502 121 687
503 865 665
504 770 201
505 588 962
506 821 395
507 777 90
508 956 10
509 854 823
510 251 827
511 170 152
512 652 528
513 5 636
514 506 166
515 101 211
516 136 733
517 806 536
518 466 632
519 161 448
520 260 517
521 840 316
522 90 702
523 336 949
524 864 458
525 32 129
526 171 54
527 969 208
528 807 688
529 975 237
530 51 45
531 512 649
532 738 321
533 106 538
534 35 471
535 369 460
536 11 50
537 833 182
538 65 12
539 385 81
540 562 228
541 761 684
542 863 477
543 877 387
544 340 196
545 619 961
546 722 914
547 313 676
548 671 484
549 602 408
550 612 511
551 3 967
552 423 632
553 264 359
554 698 195
555 733 20
556 28 817
557 50 960
558 103 960
559 190 528
560 66 870
561 143 609
562 311 821
563 713 19
564 247 550
565 894 932
566 197 711
567 372 80
568 192 294
569 85 648
570 389 779
571 59 920
572 837 921
573 394 589
574 115 22
575 611 711
576 96 260
577 782 444
578 826 238
579 95 950
580 75 654
581 141 125
582 774 614
583 39 151
584 615 646
585 575 703
586 987 110
587 684 172
588 861 276
589 850 900
590 339 0
591 717 97
592 144 958
593 558 586
594 724 684
595 789 285
596 593 597
597 991 164
598 471 885
599 666 613
600 50 726
601 735 414
602 322 186
603 103 17
604 644 354
605 194 684
606 199 654
607 491 925
608 985 758
609 752 388
610 443 105
611 688 921
612 842 219
613 422 383
614 704 76
615 789 745
616 227 311
617 356 829
618 139 592
619 221 6
620 722 826
621 529 358
622 31 560
623 862 675
624 763 186
625 667 129
626 336 259
627 402 297
628 695 96
629 895 817
630 801 91
631 657 299
632 704 217
633 23 690
634 471 800
635 277 467
636 535 406
637 447 569
638 923 950
639 325 211
640 454 276
641 631 481
642 276 795
643 643 397
644 855 308
645 133 423
646 75 954
647 622 644
648 339 228
649 576 903
650 493 634
651 992 808
652 819 772
653 101 589
654 412 408
655 89 870
656 867 330
657 998 349
658 814 16
659 298 286
660 625 902
661 414 859
662 52 808
663 675 691
664 355 863
665 878 68
666 364 342
667 190 214
668 678 109
669 363 154
670 480 637
671 1 371
672 872 621
673 910 260
674 949 44
675 896 34
676 607 664
677 42 940
678 173 918
679 985 896
680 343 611
681 50 943
682 230 451
683 566 948
684 512 337
685 432 929
686 97 926
687 14 675
688 942 620
689 231 742
690 435 349
691 373 100
692 304 416
693 810 410
694 399 669
695 127 28
696 657 768
697 539 754
698 146 147
699 529 818
700 90 111
701 997 273
702 677 755
703 792 588
704 149 377
705 922 412
706 703 364
707 536 641
708 748 647
709 302 942
710 368 26
711 550 397
712 552 830
713 746 348
714 919 268
715 590 945
716 242 592
717 770 170
718 854 652
719 334 464
720 630 370
721 662 653
722 633 265
723 369 971
724 570 421
725 125 903
726 706 384
727 341 630
728 580 261
729 398 806
730 575 703
731 670 992
732 938 677
733 21 605
734 938 264
735 585 431
736 887 584
737 693 473
738 856 956
739 729 873
740 4 1
741 448 589
742 716 182
743 765 660
744 661 565
745 480 367
746 281 763
747 96 167
748 904 764
749 513 185
750 763 433
751 360 463
752 722 507
753 972 576
754 454 621
755 416 748
756 113 389
757 622 224
758 685 51
759 726 969
760 243 981
761 231 199
762 261 346
763 837 295
764 6 453
765 260 214
766 72 509
767 652 82
768 533 595
769 789 363
770 186 867
771 333 3
772 794 87
773 632 425
774 351 440
775 767 348
776 446 718
777 452 398
778 883 466
779 269 903
780 938 154
781 375 460
782 593 805
783 324 816
784 90 344
785 920 625
786 797 424
787 25 662
788 5 336
789 877 808
790 665 685
791 609 134
792 382 720
793 431 757
794 499 260
795 639 671
796 462 473
797 921 548
798 269 681
799 417 575
800 688 681
801 469 387
802 245 66
803 747 221
804 75 880
805 622 611
806 795 474
807 307 973
808 835 971
809 247 459
810 910 520
811 371 520
812 705 524
813 755 869
814 726 153
815 75 745
816 758 343
817 723 296
818 707 529
819 92 561
820 164 198
821 619 772
822 125 614
823 398 59
824 350 655
825 5 921
826 666 86
827 531 217
828 91 385
829 292 672
830 571 588
831 617 93
832 798 730
833 66 464
834 807 599
835 828 569
836 497 508
837 107 154
838 719 803
839 985 432
840 373 691
841 64 949
842 464 454
843 588 538
844 411 409
845 901 668
846 396 243
847 540 396
848 135 50
849 907 931
850 618 947
851 362 677
852 664 528
853 423 318
854 393 87
855 885 370
856 649 40
857 577 49
858 752 7
859 889 340
860 291 683
861 45 265
862 938 958
863 443 973
864 697 479
865 606 898
866 962 132
867 510 934
868 322 715
869 854 750
870 643 867
871 554 3
872 523 862
873 719 885
874 963 946
875 952 557
876 418 33
877 677 495
878 219 461
879 567 224
880 244 928
881 386 260
882 576 299
883 730 627
884 960 29
885 249 564
886 181 431
887 783 771
888 634 821
889 691 816
890 671 359
891 169 904
892 848 785
893 541 391
894 408 600
895 631 861
896 600 582
897 424 609
898 181 480
899 115 124
900 897 630
901 247 640
902 472 954
903 612 352
904 293 317
905 948 897
906 742 990
907 109 634
908 702 236
909 100 840
910 193 575
911 388 373
912 189 57
913 455 930
914 712 827
915 940 874
916 588 949
917 977 713
918 354 430
919 883 580
920 806 253
921 972 811
922 183 399
923 980 317
924 930 186
925 915 730
926 175 705
927 837 327
928 804 9
929 240 902
930 88 843
931 578 564
932 19 460
933 591 751
934 956 737
935 913 759
936 612 39
937 32 3
938 753 265
939 629 368
940 85 707
941 33 342
942 936 967
943 315 836
944 531 830
945 562 133
946 607 922
947 120 266
948 773 529
949 800 882
950 855 644
951 129 271
952 750 281
953 194 11
954 662 925
955 313 675
956 319 70
957 759 883
958 278 385
959 334 554
960 59 415
961 694 928
962 388 38
963 988 293
964 34 333
965 36 627
966 537 503
967 825 582
968 558 860
969 474 603
970 565 532
971 159 279
972 81 821
973 956 489
974 447 639
975 813 219
976 141 862
977 236 749
978 158 56
979 782 35
980 817 16
981 60 505
982 12 322
983 777 931
984 971 159
985 983 473
986 102 659
987 240 923
988 417 702
989 745 993
990 677 296
991 545 111
992 663 305
993 507 759
994 703 728
995 511 199
996 972 225
997 352 660
998 967 692
999 98 639
1000 525 532
