200
1 983 72
2 543 789
3 432 651
4 295 681
5 238 883
6 542 158
7 415 785
8 945 794
9 240 434
10 784 273
11 956 553
12 167 153
13 779 343
14 609 155
15 295 34
16 168 301
17 67 748
18 200 606
19 261 494
20 909 289
21 661 228
22 209 510
23 158 242
24 555 437
25 565 895
26 781 749
27 72 809
28 308 268
29 650 282
30 365 927
31 644 921
32 814 156
33 941 852
34 11 406
35 332 333
36 347 457
37 5 850
38 66 63
39 155 138
40 551 347
41 126 396
42 657 747
43 373 650
44 445 675
45 341 439
46 51 696
47 650 676
48 355 930
49 653 897
50 634 645
51 936 194
52 641 585
53 958 575
54 223 745
55 814 137
56 598 490
57 673 874
58 100 861
59 577 877
60 835 566
61 629 446
62 658 909
63 770 962
64 61 533
65 893 938
66 323 515
67 686 956
68 735 729
69 847 379
70 90 220
71 334 368
72 38 955
73 598 272
74 934 649
75 429 752
76 644 557
77 929 15
78 546 447
79 716 603
80 654 998
81 58 343
82 400 480
83 457 195
84 325 529
85 408 940
86 905 120
87 939 350
88 969 718
89 238 383
90 743 408
91 160 701
92 561 615
93 66 403
94 372 463
95 687 816
96 300 708
97 119 793
98 784 204
99 607 952
100 788 744
101 787 556
102 814 884
103 110 67
104 165 338
105 801 6
106 15 706
107 794 76
108 187 294
109 735 177
110 390 378
111 444 816
112 921 937
113 753 279
114 226 622
115 824 658
116 482 256
117 533 67
118 952 386
119 119 896
120 620 265
121 598 789
122 302 847
123 149 924
124 104 800
125 41 914
126 993 819
127 539 211
128 348 539
129 747 801
130 312 871
131 285 441
132 217 599
133 305 855
134 127 0
135 261 676
136 541 65
137 654 924
138 221 103
139 295 685
140 113 694
141 496 572
142 333 913
143 243 538
144 396 795
145 59 975
146 993 895
147 726 358
148 15 358
149 933 618
150 906 607
151 553 175
152 352 427
153 632 612
154 986 249
155 328 263
156 463 887
157 251 585
158 699 523
159 620 260
160 99 801
161 521 426
162 517 838
163 602 392
164 118 772
165 657 363
166 763 822
167 642 553
168 692 391
169 301 436
170 182 334
171 369 490
172 617 949
173 867 769
174 673 18
175 295 769
176 168 773
177 911 90
178 732 579
179 930 455
180 213 203
181 358 875
182 697 767
183 825 435
184 651 117
185 140 988
186 154 606
187 329 359
188 254 30
189 543 410
190 745 270
191 380 922
192 835 815
193 106 749
194 318 504
195 981 388
196 203 129
197 556 784
198 844 296
199 29 373
200 764 884
